2000
44 44 44 46 11 12 12 12 12 12 8 8 8 8 8 25 43 43 43 25
25 25 2 2 2 2 48 48 48 48 31 27 27 27 17 17 17 17 20 20
20 20 43 43 43 16 16 16 16 16 8 8 8 11 11 11 11 11 33 33
33 33 2 2 2 2 2 30 30 31 22 41 41 41 17 36 36 34 34 34
49 47 47 47 14 14 20 20 20 20 19 19 19 19 25 25 25 43 43 43
43 4 4 4 4 34 34 49 49 7 7 7 7 45 45 35 35 35 39 39
39 39 23 23 23 23 23 24 24 24 24 34 34 34 34 18 18 18 14 14
14 14 14 39 39 39 31 47 47 47 47 31 31 31 38 31 17 17 46 46
46 44 12 12 12 12 4 4 4 45 17 17 4 35 35 35 35 35 1 1
1 1 14 41 41 18 18 18 18 18 36 36 36 36 30 38 38 38 38 7
7 7 7 7 18 18 18 10 34 22 22 22 22 22 13 13 13 40 40 40
26 26 26 26 26 35 35 35 35 15 15 15 15 5 5 5 22 22 22 39
39 39 39 39 45 9 9 9 11 11 11 11 11 38 38 45 45 45 40 40
6 6 21 21 21 1 1 1 22 22 22 22 20 20 20 20 20 39 40 40
1 1 3 3 3 3 3 30 22 22 22 36 36 36 36 17 17 17 17 35
35 2 19 19 19 44 44 44 34 34 27 30 11 8 8 8 8 8 40 40
40 40 40 24 21 21 21 21 21 48 48 48 48 48 8 34 34 16 34 43
43 43 43 43 5 5 14 14 22 22 22 27 20 35 18 18 44 36 36 21
21 21 21 27 27 2 2 2 2 2 30 30 30 30 36 36 36 7 7 7
7 7 7 7 20 20 20 20 20 1 1 31 38 38 11 11 26 27 27 23
23 36 36 41 16 13 13 13 13 13 33 33 33 36 36 36 3 3 3 3
3 32 32 32 28 29 29 19 19 19 29 29 7 7 1 35 35 35 35 12
12 16 16 16 16 16 20 28 28 17 24 24 24 24 13 13 13 13 13 39
39 39 47 47 39 39 39 39 39 36 36 36 44 44 44 44 44 6 6 6
6 5 5 5 48 48 48 48 8 8 8 8 17 17 21 21 21 21 29 29
29 29 29 12 12 12 35 21 21 36 36 36 36 36 43 43 41 41 41 41
41 0 0 0 0 16 16 16 16 16 12 12 12 12 19 19 19 19 19 23
23 23 22 22 22 22 41 41 41 41 32 32 32 11 11 11 40 40 37 37
37 37 17 17 17 17 17 30 30 30 30 30 6 6 6 6 6 40 40 40
40 40 38 38 38 38 16 31 31 31 34 34 34 34 34 28 28 28 1 1
30 30 22 22 34 34 34 44 44 44 44 44 3 3 1 1 1 27 21 21
7 17 17 39 39 39 39 5 0 0 0 0 0 39 39 39 39 14 14 12
12 12 12 12 21 21 41 41 36 36 36 36 36 45 45 31 31 31 22 22
22 46 46 46 46 46 11 11 8 8 8 8 8 29 29 29 32 32 14 14
14 14 14 46 19 19 33 33 21 18 18 18 48 46 46 22 22 37 46 46
4 4 4 4 12 36 36 38 38 38 12 12 12 12 1 1 1 1 1 8
7 7 7 7 1 1 1 1 30 30 15 15 10 10 10 14 45 45 45 41
32 32 32 32 40 40 40 40 41 41 41 41 41 24 24 0 0 0 2 2
2 21 21 21 21 21 14 18 18 18 18 36 36 36 36 25 25 25 25 22
22 22 22 22 42 42 45 45 45 45 0 0 0 12 12 12 12 12 9 40
40 40 40 40 20 39 39 4 4 4 4 4 44 48 48 28 32 32 32 32
24 24 24 24 9 9 41 41 41 7 7 16 8 8 24 24 5 5 5 5
7 7 45 20 12 12 33 33 33 33 20 20 20 11 11 20 20 20 20 18
17 28 28 28 14 14 14 14 14 9 9 9 9 9 27 17 17 8 49 49
49 49 5 5 5 19 18 18 5 5 5 5 16 33 33 33 42 38 24 24
24 24 35 35 35 35 35 46 46 46 46 6 6 6 6 6 48 48 48 48
48 31 31 31 31 35 35 35 35 49 1 1 1 1 1 23 23 23 23 23
41 43 43 43 43 43 0 0 0 0 48 48 48 48 48 24 24 24 24 24
9 9 30 30 30 30 30 38 38 38 38 38 47 35 35 35 35 5 5 5
5 5 36 36 36 48 48 48 48 48 48 48 47 47 47 47 35 35 31 31
23 23 44 44 44 44 44 46 46 46 40 40 40 40 5 8 8 8 8 30
30 30 30 3 6 6 48 48 0 0 0 41 41 3 3 3 3 3 3 3
45 45 45 45 45 42 49 49 49 28 28 28 28 28 17 17 17 17 30 30
18 18 42 46 46 10 7 7 7 7 7 4 4 29 29 41 41 18 18 18
18 18 48 48 48 48 48 11 11 11 11 11 37 37 37 5 5 5 5 5
37 37 37 34 21 21 21 48 48 48 48 25 25 42 42 26 16 16 16 32
32 31 18 18 23 23 34 34 34 34 23 23 6 24 24 24 44 44 22 22
22 42 42 42 42 42 47 30 30 30 14 14 14 47 47 47 47 47 25 0
0 0 0 0 15 15 15 15 15 46 32 32 32 32 32 5 5 5 5 5
34 34 34 34 34 47 47 47 47 35 38 38 8 8 8 8 45 45 45 45
15 15 42 42 42 42 42 2 2 2 20 20 20 20 45 45 45 45 14 14
14 14 12 12 12 30 30 30 30 25 22 22 22 22 13 13 13 21 21 19
19 19 19 19 1 1 24 24 24 24 24 38 24 42 42 42 42 42 0 0
0 0 0 2 2 6 6 6 27 49 16 16 16 16 18 5 48 48 48 48
20 20 20 20 20 30 42 40 40 40 40 40 9 9 9 9 9 40 40 40
40 41 41 41 41 41 44 44 26 26 27 27 27 27 32 32 32 24 33 33
33 43 43 22 22 22 22 22 21 21 21 21 21 20 20 20 5 5 9 9
9 9 34 34 34 34 34 14 32 32 20 20 20 20 20 10 10 10 10 10
48 32 32 16 16 16 16 47 47 47 1 1 1 23 23 23 23 16 16 16
16 16 49 35 35 1 1 1 1 1 10 10 10 10 3 38 38 38 38 5
26 26 26 26 26 49 49 49 6 6 6 6 6 15 15 15 30 30 30 30
30 30 30 30 30 18 18 21 21 21 21 45 45 45 45 45 11 11 11 24
24 24 47 47 47 47 28 28 28 28 28 0 0 4 4 4 4 4 15 15
15 26 26 26 26 26 40 40 19 19 19 19 19 26 26 26 26 26 26 35
35 27 27 27 27 27 23 23 23 23 23 42 42 17 17 17 17 17 13 13
15 15 15 15 45 45 45 45 45 43 43 43 19 20 27 27 3 3 41 41
41 18 10 10 35 35 35 35 35 17 17 17 49 49 31 31 31 31 40 40
14 46 46 46 46 46 35 38 38 38 38 35 35 33 33 33 33 33 33 8
8 8 8 9 9 9 9 21 21 4 19 19 11 11 11 11 20 10 10 1
1 1 42 42 28 28 31 33 33 33 44 44 44 10 10 38 38 38 38 38
25 25 19 19 19 19 19 29 29 29 29 1 1 1 23 35 35 35 35 35
32 32 17 17 17 17 17 29 29 29 29 29 47 47 47 38 38 38 38 42
42 42 42 27 0 0 0 0 23 23 23 23 29 41 41 41 41 41 29 29
32 32 32 15 15 15 4 4 4 4 19 19 29 29 1 1 1 26 36 36
36 36 36 16 16 16 49 49 49 49 49 32 32 41 41 21 21 21 21 48
48 48 48 13 13 13 13 13 39 26 26 26 26 26 12 12 12 12 12 9
9 9 9 9 10 10 10 28 28 28 28 49 31 31 31 31 31 25 25 25
25 5 30 30 30 30 32 32 32 32 32 10 10 10 10 32 32 32 32 32
2 2 2 18 18 8 8 46 46 35 47 47 24 24 24 24 5 5 5 11
11 11 11 49 49 49 35 8 26 26 26 26 26 40 40 40 5 5 5 5
39 39 39 39 8 8 8 32 32 21 32 32 32 46 46 46 46 46 28 28
28 28 7 7 7 7 7 7 42 42 42 42 48 48 20 20 20 20 20 44
44 44 44 44 10 3 3 3 3 3 44 33 33 33 33 33 33 26 9 9
30 30 30 12 12 8 8 8 26 0 0 0 0 12 2 2 2 29 29 29
35 35 35 27 27 27 27 27 27 19 19 19 41 41 41 41 41 41 41 41
41 3 3 3 3 3 49 49 49 49 49 18 18 41 41 41 41 41 11 11
11 11 30 30 25 25 25 31 31 31 11 30 30 6 6 43 34 1 43 43
43 43 43 36 36 27 27 21 21 21 21 21 31 31 31 14 22 22 22 22
22 34 34 34 34 20 20 20 20 5 5 32 32 32 32 43 43 43 43 43
8 8 48 48 48 48 10 10 10 10 21 21 21 8 8 8 8 8 43 43
